SET wavel[nm], REAL wavel[nm], Voltage[V], Ard raw data[0..1023 steps], STEPPER pos, Timetrace [sec]
1600 	1401 	2.70513793	-1	22.806479044553555	00000.9309
1650 	475 	4.61706178	-1	22.806479044553555	00002.0377
1700 	531 	0.29383049	-1	22.806479044553555	00003.1335
1600 	401 	3.18350760	-1	17.02098254053162	00004.2452
1650 	1532 	8.07304196	-1	17.02098254053162	00005.3391
1700 	662 	6.22534773	-1	17.02098254053162	00006.4325
1600 	510 	6.95214496	-1	6.693522799499704	00007.5284
1650 	1402 	6.19627394	-1	6.693522799499704	00008.6227
1700 	1381 	0.19967177	-1	6.693522799499704	00009.7190
